1 84.08533478
2 84.02542877
3 84.66689301
4 88.79040527
5 86.8771286
6 83.41867065
7 83.0365448
8 84.22647858
9 87.75096893
10 86.83274078
11 83.89840698
12 82.84483337
13 83.69030762
14 85.57483673
15 94.89457703
16 103.85523987
17 117.34669495
18 143.28482056
19 174.83866882
20 201.7688446
21 241.28216553
22 291.57144165
23 325.38766479
24 319.13180542
25 289.13284302
26 253.55194092
27 204.79350281
28 158.77116394
29 135.0980835
30 120.62703705
31 115.70630646
32 110.98122406
33 102.01681519
34 99.22322083
35 96.96622467
36 96.37690735
37 97.89134979
38 99.12454987
39 98.53933716
40 95.95309448
41 95.34304047
42 98.02826691
43 94.52275848
44 87.6909256
45 85.04315186
46 83.69382477
47 80.32698822