1 34.51300049  
2 35.04608917  
3 33.54432678  
4 37.79356384  
5 40.9273262
6 38.60827255  
7 36.60696411  
8 39.29825211  
9 42.8025322   
10 41.11476135
11 37.01183701  
12 38.25086212  
13 39.82696915  
14 45.49356461  
15 57.8459205616
16 63.74675751  
17 71.27405548  
18 90.15153503 
19 105.11828613 
20 124.74910736
21 141.62988281 
22 139.71665955 
23 122.26168823 
24 108.24037933 
25 110.01968384
26 99.83040619  
27 70.3952713   
28 55.88486481  
29 57.34952545  
30 56.50667191
31 57.90737534  
32 60.49988937  
33 54.65034103  
34 43.25989914  
35 42.46909714
36 48.96273041  
37 49.04454422  
38 48.71305084  
39 50.70087433  
40 50.2251091
41 44.70508194  
42 40.60639191  
43 40.11267853  
44 43.38873672  
45 44.70631409
46 37.76773453  
47 31.70433426